66 2409 1072 33
66 2446 1072 70
361 1381 341 38
128 1344 178 39
128 1387 178 82
362 1340 366 33
825 1336 100 42
1114 1335 258 31
135 1298 254 36
131 1251 151 36
363 1248 379 33
131 1211 114 36
824 1205 105 35
1106 1184 157 35
364 1175 455 29
364 1208 455 62
131 1171 180 36
822 1167 87 34
909 1166 105 35
136 1130 322 39
365 1084 205 30
820 1082 85 42
1100 1081 205 32
130 1080 90 43
820 1043 145 35
129 1040 153 36
364 1009 261 28
364 1041 261 60
1097 1007 263 29
1097 1040 263 62
820 1004 178 36
129 1000 133 36
128 960 116 36
819 945 245 37
1096 944 192 34
364 944 238 32
130 921 146 36
136 879 211 34
1096 841 79 30
822 838 215 38
371 836 70 29
133 795 176 34
133 833 176 73
1094 784 59 30
821 782 215 37
136 759 100 34
373 722 64 29
138 721 189 35
1092 689 71 30
819 688 224 35
819 727 224 75
372 684 123 30
139 684 89 34
1094 651 107 34
819 651 107 36
374 648 108 33
818 613 227 43
141 609 211 34
141 647 211 72
817 576 228 36
1091 575 166 32
817 538 219 37
374 537 86 29
141 536 560 34
141 574 560 72
144 499 53 35
817 481 118 37
374 481 151 35
1089 480 401 34
144 461 200 42
375 427 150 34
1087 426 151 34
816 425 208 44
145 423 204 38
1087 389 283 30
376 389 213 32
815 388 184 38
145 386 226 38
146 351 64 34
1086 336 215 28
376 336 162 31
815 333 175 42
147 254 688 49
147 307 688 102
153 217 210 36
1379 36 76 41
456 36 294 40
311 31 144 38
274 30 35 33
172 29 34 31
206 28 69 34
122 28 50 36
