1 2464 1498 35
1451 2379 48 38
50 2376 1037 31
50 2411 1037 67
345 1386 329 32
63 1348 229 38
63 1390 229 80
347 1347 228 31
1072 1345 251 30
792 1344 98 41
127 1305 246 34
350 1258 379 31
123 1258 147 35
124 1220 110 35
792 1218 104 34
1067 1199 154 29
350 1188 424 27
350 1219 424 59
70 1182 229 48
791 1179 188 35
130 1141 310 38
791 1097 82 41
1063 1096 300 32
124 1094 87 42
351 1092 298 36
790 1059 142 34
123 1055 148 35
1062 1025 352 28
1062 1057 352 60
350 1025 350 28
350 1057 350 60
791 1021 174 36
122 1016 129 36
122 977 112 35
1062 964 138 32
790 964 240 36
350 962 209 31
122 938 142 37
127 897 206 34
1063 859 77 32
794 859 211 37
357 855 70 29
124 812 171 34
124 850 171 73
793 803 212 37
126 775 97 35
126 738 187 35
793 711 220 34
793 749 220 73
1062 708 70 32
358 704 118 30
128 699 87 36
793 674 104 36
1063 672 59 34
359 668 105 33
793 636 223 43
127 625 211 35
127 664 211 75
752 598 265 38
1062 587 278 39
792 561 217 37
359 557 83 29
130 554 542 34
130 592 542 72
130 552 89 41
131 516 52 33
793 505 116 37
358 502 153 29
135 480 194 39
1061 479 394 31
1061 514 394 67
905 451 92 40
792 449 113 38
359 447 152 29
136 444 197 36
1060 441 155 34
756 427 33 21
912 414 61 34
792 413 120 36
361 409 296 30
136 408 219 35
1062 400 291 37
136 374 62 32
98 362 37 23
770 358 195 43
361 355 166 29
1061 345 233 36
137 276 769 48
137 328 769 100
144 241 204 32
314 54 126 33
130 54 32 31
442 53 288 41
1460 43 39 33
1363 37 73 43
